# 2018 simulation parameter

## Yunnan Ts
plant1_g2s = [111,110,110,109,108,107,106,106,105,104,103,102,102,101,100,99,98,98,97,96,95,94,93,93,92,91,90,89,88,88,87,86,85,84,83,82,82,81,80,79,78,77,76,75,75,74,73,72,71,71,70,69,68,68,67,66,66,65,64,64,63,62,62,61,60,60,59,59,58,57,57,56,56,55,55,54,54,53,53,52,52,52,51,51,50,50,50,49,49,49,48,48,48,47,47,47,46,46,46,46,45,45,45,45,44,44,44,44,44,44,44,44,44,43,43,43,43,43,43,43,43,42,42,42,42,42,42,43,43,44,46,48,51,53,56,59,62,65,67,70,72,74,76,78,79,80,81,82,83,83,84,84,84,83,83,82,81,81,80,79,78,77,77,76,75,74,73,72,71,70,69,68,67,66,65,64,63,63,62,62,61,61,61,60,60,60,59,59,59,58,58,58,58,57,57,57,56,56,56,56,55,55,55,54,54,54,53,53,53,53,52,52,52,51,51,51,51,50,50,50,50,49,49,49,49,48,48,48,48,48,47,47,47,47,47,47,47,47,47,47,47,47,48,48,48,48,48,48,48,49,49,49,49,50,50,50,51,51,51,52,53,53,54,55,56,57,58,59,60,61,63,64,66,67,69,70,72,74,76,78,80,82,84,86,88,91,94,96,100,103,106,109,113,116,119,122,124,127,129,131,133,135,136,138,139,140,141,142,143,144,144,145,145,146,146,146,146,146,146,145,145,145,144,144,143,143,142,142,142,141,141,140,140,139,139,138,137,136,136,135,134,133,132,132,131,130,129,128,127,126,125,124,123,123,122,121,120,119,118,117,116,115,114,113,112]

## Yunnan Te
plant1_g2e = [126,125,124,123,122,122,121,120,119,118,118,117,116,115,114,114,113,112,111,111,110,109,108,108,107,106,105,105,104,103,102,101,100,99,98,97,96,95,94,93,92,91,90,89,88,87,87,86,85,84,83,83,82,81,80,80,79,78,77,77,76,76,75,74,74,73,73,72,72,71,71,71,70,70,70,70,69,69,69,69,69,69,69,69,69,69,69,69,69,70,70,70,70,71,71,71,71,71,71,71,71,71,71,70,69,69,68,67,67,66,65,64,63,62,62,61,60,60,60,59,59,59,59,59,60,60,61,62,63,65,67,69,72,75,78,82,85,89,92,96,99,102,104,106,108,110,111,113,114,115,116,117,117,117,117,117,116,116,115,114,114,113,112,111,111,110,109,108,107,106,105,104,103,102,101,100,99,98,97,96,95,94,93,92,91,90,89,88,87,86,85,85,84,83,82,82,81,80,79,78,77,76,76,75,74,73,73,72,72,71,71,71,70,70,71,71,71,72,73,74,75,76,78,80,82,85,88,90,93,96,98,100,102,102,102,101,101,100,99,99,98,97,96,95,95,94,93,92,91,90,89,88,87,86,85,85,84,83,83,82,82,84,90,96,102,108,113,119,124,129,133,138,142,146,150,153,157,160,163,166,169,171,173,175,177,179,179,180,180,180,180,180,179,179,178,177,176,176,175,174,173,173,172,171,170,170,169,168,167,166,166,165,164,163,162,161,160,159,159,158,157,156,155,154,153,153,152,151,150,150,149,148,148,147,146,146,145,145,144,143,143,142,141,141,140,140,139,138,138,137,136,136,135,134,133,133,132,131,131,130,129,128,128,127,126]

## Yunnan Td
18+7

## Yunnan Nsilique
plant1_seedNumber = [29,29,28,33,47,67,93,122,153,184,214,239,260,273,278,277,273,267,259,250,239,228,217,205,194,184,175,167,161,157,156,156,156,157,157,158,158,159,159,159,160,160,161,161,161,162,166,171,178,186,196,207,219,232,246,260,275,290,305,319,334,348,362,375,387,398,407,416,422,428,431,432,431,430,428,426,423,420,417,414,411,408,406,404,403,402,403,404,406,409,412,415,419,423,427,431,434,438,441,443,445,445,443,439,433,425,415,404,391,378,363,347,331,315,298,280,263,246,229,213,197,182,168,155,144,134,125,118,114,109,103,96,88,79,70,60,51,41,33,25,17,11,7,3,1,1,1,1,1,1,1,1,1,2,3,4,5,6,7,9,11,14,16,19,22,25,28,31,34,37,40,42,45,47,49,50,51,52,52,52,52,52,51,50,49,48,46,45,44,43,42,41,41,42,45,51,59,68,80,93,107,122,138,155,173,191,209,227,246,263,280,297,312,327,340,351,361,369,375,379,380,378,372,362,350,336,321,305,289,274,260,248,238,232,230,229,224,217,209,198,187,176,164,153,143,134,128,123,121,121,119,115,111,106,101,96,91,86,82,78,76,75,77,83,93,106,121,138,158,178,200,222,245,267,288,309,327,344,358,370,378,383,383,379,371,360,346,330,313,295,277,260,244,229,216,207,201,198,200,204,211,219,229,241,252,265,277,288,299,309,316,322,326,328,329,329,328,326,322,318,313,307,300,293,285,276,267,257,247,237,226,215,204,193,182,171,160,149,139,129,119,109,100,92,84,77,71,65,61,57,54,52,52,52,51,49,48,46,44,41,39,37,34,32,31]

## Yunnan Nseed
33

## Yunnan Pg
plant1_germRate = [0.79,0.79,0.79,0.79,0.79,0.79,0.79,0.79,0.79,0.79,0.79,0.79,0.79,0.79,0.79,0.79,0.79,0.79,0.79,0.79,0.79,0.79,0.79,0.79,0.79,0.79,0.79,0.79,0.79,0.79,0.79,0.79,0.79,0.79,0.79,0.79,0.79,0.79,0.79,0.79,0.79,0.79,0.79,0.79,0.79,0.79,0.79,0.79,0.79,0.79,0.79,0.79,0.79,0.79,0.79,0.79,0.79,0.79,0.79,0.79,0.79,0.79,0.79,0.79,0.79,0.79,0.79,0.79,0.79,0.79,0.79,0.79,0.79,0.79,0.79,0.79,0.79,0.79,0.79,0.79,0.79,0.79,0.79,0.79,0.81,0.81,0.81,0.81,0.81,0.81,0.81,0.81,0.81,0.81,0.81,0.81,0.81,0.81,0.81,0.81,0.81,0.81,0.81,0.81,0.81,0.81,0.81,0.81,0.81,0.81,0.81,0.81,0.81,0.81,0.81,0.81,0.81,0.81,0.81,0.81,0.81,0.81,0.81,0.81,0.81,0.81,0.81,0.81,0.81,0.81,0.81,0.81,0.81,0.81,0.81,0.81,0.81,0.81,0.81,0.81,0.81,0.81,0.81,0.81,0.81,0.81,0.81,0.81,0.81,0.81,0.81,0.81,0.81,0.81,0.81,0.81,0.81,0.81,0.81,0.81,0.81,0.81,0.46,0.46,0.46,0.46,0.46,0.46,0.46,0.46,0.46,0.46,0.46,0.46,0.46,0.46,0.46,0.46,0.46,0.46,0.46,0.46,0.46,0.46,0.46,0.46,0.46,0.46,0.46,0.46,0.46,0.46,0.46,0.46,0.46,0.46,0.46,0.46,0.46,0.46,0.46,0.46,0.46,0.46,0.46,0.46,0.46,0.46,0.46,0.46,0.46,0.46,0.46,0.46,0.46,0.46,0.46,0.46,0.46,0.46,0.46,0.46,0.46,0.46,0.46,0.46,0.46,0.46,0.46,0.46,0.46,0.46,0.46,0.46,0.46,0.46,0.46,0.46,0.46,0.46,0.46,0.46,0.46,0.46,0.46,0.46,0.46,0.46,0.46,0.46,0.46,0.46,0.46,0.46,0.46,0.46,0.46,0.46,0.46,0.46,0.46,0.46,0.46,0.46,0.81,0.81,0.81,0.81,0.81,0.81,0.81,0.81,0.81,0.81,0.81,0.81,0.81,0.81,0.81,0.81,0.81,0.81,0.81,0.81,0.81,0.81,0.81,0.81,0.81,0.81,0.81,0.81,0.81,0.81,0.81,0.81,0.81,0.81,0.81,0.81,0.81,0.81,0.81,0.81,0.81,0.81,0.81,0.81,0.81,0.81,0.81,0.81,0.79,0.79,0.79,0.79,0.79,0.79,0.79,0.79,0.79,0.79,0.79,0.79,0.79,0.79,0.79,0.79,0.79,0.79,0.79,0.79,0.79,0.79,0.79,0.79,0.79,0.79,0.79,0.79,0.79,0.79,0.79,0.79,0.79,0.79,0.79,0.79,0.79,0.79,0.79,0.79,0.79,0.79,0.79,0.79,0.79,0.79,0.79,0.79,0.79,0.79,0.79,0.79,0.79]


## Pudong Ts
plant2_g2s = [111,111,110,109,108,107,107,106,105,104,103,103,102,101,100,99,99,98,97,96,95,94,94,93,92,91,90,89,89,88,87,86,85,84,84,83,82,81,81,80,79,78,78,77,76,75,75,74,73,72,72,71,70,70,69,69,68,67,67,66,66,65,65,64,64,63,62,62,61,61,60,60,59,59,58,58,57,56,56,55,55,54,54,53,53,52,52,52,51,51,51,50,50,50,49,49,49,48,48,48,48,47,47,47,46,46,46,45,45,45,44,44,44,43,43,43,42,42,42,42,41,41,41,40,40,40,40,40,41,41,42,43,45,47,49,51,53,55,57,58,59,60,61,61,61,61,60,60,59,58,57,57,56,55,54,53,52,52,51,50,49,48,47,46,45,44,43,42,42,41,41,40,40,39,39,39,39,39,40,40,40,40,40,41,41,41,41,41,42,42,42,42,42,43,43,43,43,43,43,44,44,44,44,44,44,44,44,44,44,44,44,44,44,44,44,44,44,44,44,44,43,43,43,43,42,42,42,42,42,41,41,41,41,41,41,41,40,40,40,39,39,39,38,38,38,38,38,38,39,39,40,40,41,41,42,43,43,44,45,45,46,47,48,49,50,51,53,54,55,57,58,59,61,63,64,66,67,69,71,73,74,76,78,80,82,84,86,89,91,93,96,99,101,104,106,109,111,113,116,118,120,122,124,126,128,129,131,133,134,135,137,138,139,139,140,141,142,142,142,143,143,143,143,143,142,142,141,141,140,139,139,138,138,137,136,136,135,134,133,133,132,131,130,129,128,127,126,126,125,124,123,122,122,121,120,120,119,118,118,117,116,116,115,114,114]

## Pudong Te
plant2_g2e = [126,125,124,124,123,122,121,120,120,119,118,117,116,115,115,114,113,112,111,111,110,109,108,107,107,106,105,104,103,102,102,101,100,99,98,98,97,96,96,95,94,93,93,92,91,90,89,89,88,87,87,86,85,85,84,84,83,82,82,81,81,80,80,79,79,78,78,77,76,76,75,75,74,74,73,73,72,72,71,70,70,69,69,68,68,67,67,67,66,66,65,65,65,64,64,63,63,63,62,62,61,61,61,60,60,59,59,59,58,58,57,57,57,56,56,56,55,55,54,54,54,53,53,52,52,52,51,51,51,52,53,57,61,67,72,78,84,90,95,99,103,105,105,105,104,104,103,102,101,100,99,98,97,96,96,95,94,93,93,92,92,91,91,90,90,89,88,88,87,87,86,86,85,84,84,83,83,82,82,81,81,80,79,79,78,78,77,77,76,76,76,75,75,74,74,73,73,73,72,72,72,71,71,71,71,70,70,70,70,69,69,69,68,68,68,68,67,67,67,67,66,66,66,66,66,67,67,69,72,74,76,77,78,79,79,80,80,80,80,80,80,79,79,79,79,78,78,78,78,78,77,77,77,77,76,76,75,75,75,75,74,74,74,76,78,81,84,89,93,99,104,110,116,122,127,133,139,144,148,152,155,158,160,161,162,164,165,166,167,167,168,169,169,170,170,170,170,170,170,170,169,169,169,168,167,167,166,165,165,164,164,163,162,161,161,160,159,159,158,157,156,156,155,154,154,153,152,152,151,150,150,149,149,148,147,147,146,145,145,144,144,143,142,142,141,140,140,139,138,138,137,136,135,135,134,133,133,132,131,130,130,129,128,127,126]

## Pudong Td
19+7

## Pudong Nsilique
plant2_seedNumber = [31,29,28,32,44,62,84,109,136,163,188,210,228,239,244,242,239,234,228,220,212,203,194,186,178,171,165,161,159,159,162,167,174,182,191,201,211,221,232,242,252,261,269,275,280,285,289,294,299,304,308,313,318,323,328,333,337,342,346,350,353,357,359,362,364,366,367,368,368,368,367,365,362,359,355,351,347,342,337,332,327,322,318,314,311,308,307,305,304,303,303,303,303,303,304,304,304,305,305,305,305,304,302,298,294,288,281,274,266,257,247,237,227,217,206,196,186,176,166,156,147,139,132,125,120,115,112,109,109,107,103,97,89,80,70,59,49,39,30,22,15,11,10,10,10,11,11,12,13,13,14,15,16,16,17,17,17,17,18,20,22,25,27,31,34,38,42,45,49,53,56,59,62,65,67,69,70,70,69,68,66,63,60,56,52,48,44,41,37,35,32,31,30,30,30,29,28,27,25,24,22,21,19,17,16,14,13,11,10,9,8,8,8,8,9,10,12,14,17,20,24,29,36,45,55,66,78,89,100,111,121,129,135,139,140,140,138,136,133,130,126,123,119,115,112,109,107,106,105,105,105,105,105,105,105,105,105,105,105,105,105,105,108,114,124,137,153,171,191,212,234,257,281,303,326,346,366,383,398,410,418,423,424,420,411,400,386,370,353,335,317,299,282,267,255,245,239,236,236,233,230,226,220,215,208,202,196,190,184,179,175,172,170,168,165,163,160,157,155,152,150,147,144,141,139,136,133,131,128,125,123,120,118,116,113,111,109,107,105,103,101,99,98,96,95,94,93,92,91,90,90,90,89,89,87,83,79,74,68,62,56,50,44,39,35]

## Pudong Nseed
33

## Pudong Pg
plant2_germRate = [0.6,0.6,0.6,0.6,0.6,0.6,0.6,0.6,0.6,0.6,0.6,0.6,0.6,0.6,0.6,0.6,0.6,0.6,0.6,0.6,0.6,0.6,0.6,0.6,0.6,0.6,0.6,0.6,0.6,0.6,0.6,0.6,0.6,0.6,0.6,0.6,0.6,0.6,0.6,0.6,0.6,0.6,0.6,0.6,0.6,0.6,0.6,0.6,0.6,0.6,0.6,0.6,0.6,0.6,0.6,0.6,0.6,0.6,0.6,0.6,0.6,0.6,0.6,0.6,0.6,0.6,0.6,0.6,0.6,0.6,0.6,0.6,0.6,0.6,0.6,0.6,0.6,0.6,0.6,0.6,0.6,0.6,0.6,0.6,0.93,0.93,0.93,0.93,0.93,0.93,0.93,0.93,0.93,0.93,0.93,0.93,0.93,0.93,0.93,0.93,0.93,0.93,0.93,0.93,0.93,0.93,0.93,0.93,0.93,0.93,0.93,0.93,0.93,0.93,0.93,0.93,0.93,0.93,0.93,0.93,0.93,0.93,0.93,0.93,0.93,0.93,0.93,0.93,0.93,0.93,0.93,0.93,0.93,0.93,0.93,0.93,0.93,0.93,0.93,0.93,0.93,0.93,0.93,0.93,0.93,0.93,0.93,0.93,0.93,0.93,0.93,0.93,0.93,0.93,0.93,0.93,0.93,0.93,0.93,0.93,0.93,0.93,0.25,0.25,0.25,0.25,0.25,0.25,0.25,0.25,0.25,0.25,0.25,0.25,0.25,0.25,0.25,0.25,0.25,0.25,0.25,0.25,0.25,0.25,0.25,0.25,0.25,0.25,0.25,0.25,0.25,0.25,0.25,0.25,0.25,0.25,0.25,0.25,0.25,0.25,0.25,0.25,0.25,0.25,0.25,0.25,0.25,0.25,0.25,0.25,0.25,0.25,0.25,0.25,0.25,0.25,0.25,0.25,0.25,0.25,0.25,0.25,0.25,0.25,0.25,0.25,0.25,0.25,0.25,0.25,0.25,0.25,0.25,0.25,0.25,0.25,0.25,0.25,0.25,0.25,0.25,0.25,0.25,0.25,0.25,0.25,0.25,0.25,0.25,0.25,0.25,0.25,0.25,0.25,0.25,0.25,0.25,0.25,0.25,0.25,0.25,0.25,0.25,0.25,0.93,0.93,0.93,0.93,0.93,0.93,0.93,0.93,0.93,0.93,0.93,0.93,0.93,0.93,0.93,0.93,0.93,0.93,0.93,0.93,0.93,0.93,0.93,0.93,0.93,0.93,0.93,0.93,0.93,0.93,0.93,0.93,0.93,0.93,0.93,0.93,0.93,0.93,0.93,0.93,0.93,0.93,0.93,0.93,0.93,0.93,0.93,0.93,0.6,0.6,0.6,0.6,0.6,0.6,0.6,0.6,0.6,0.6,0.6,0.6,0.6,0.6,0.6,0.6,0.6,0.6,0.6,0.6,0.6,0.6,0.6,0.6,0.6,0.6,0.6,0.6,0.6,0.6,0.6,0.6,0.6,0.6,0.6,0.6,0.6,0.6,0.6,0.6,0.6,0.6,0.6,0.6,0.6,0.6,0.6,0.6,0.6,0.6,0.6,0.6,0.6]
