# 2020 simulation parameter

## Yunnan Ts
plant1_g2s = [116,115,115,114,114,113,113,112,111,111,110,110,109,108,108,107,106,106,105,104,104,103,102,102,101,100,100,99,98,97,97,96,95,95,94,93,93,92,91,91,90,89,89,88,87,87,86,85,85,84,83,82,82,81,80,79,78,78,77,76,76,75,74,74,73,72,72,71,71,70,69,69,68,68,67,67,66,66,65,65,64,63,63,62,62,61,61,60,60,59,58,58,57,57,56,55,55,54,54,53,53,52,52,51,51,51,50,50,50,49,49,49,48,48,48,48,48,47,47,47,47,47,46,46,46,46,46,46,46,46,46,46,46,46,46,46,46,46,46,47,47,47,47,47,47,47,47,47,47,47,47,47,47,47,47,47,47,47,47,47,47,47,47,47,47,48,48,49,49,51,53,56,60,63,67,70,73,76,78,78,79,79,79,79,78,78,78,77,77,77,76,76,75,75,75,74,74,74,73,73,73,72,72,71,71,71,70,70,70,69,69,68,68,68,67,67,67,66,66,66,65,65,64,64,64,63,63,63,62,62,61,61,61,60,60,59,59,59,58,58,57,57,56,56,55,55,54,54,54,53,53,53,53,53,54,54,55,55,56,57,58,59,59,60,61,62,63,64,65,66,67,68,69,70,71,72,74,76,78,80,82,84,84,86,88,90,93,95,97,99,102,104,106,109,111,113,116,118,120,123,125,127,129,131,133,135,137,139,139,140,140,141,141,141,141,141,141,140,140,139,139,138,138,137,137,137,136,136,135,135,134,134,133,133,132,132,131,131,131,130,130,129,129,128,128,127,127,126,126,125,125,124,124,123,123,122,122,121,120,120,119,119,118,118,117]

## Yunnan Te
plant1_g2e = [130,129,128,128,127,126,126,125,124,124,123,122,122,121,120,120,119,118,118,117,116,116,115,114,114,113,112,111,111,110,109,109,108,107,107,106,105,104,104,103,102,102,101,100,99,99,98,97,96,96,95,94,93,93,92,91,90,90,89,88,88,87,86,86,85,84,84,83,83,82,81,81,80,80,79,78,78,77,77,76,76,75,75,74,73,73,72,72,71,71,70,70,69,69,68,68,68,67,67,67,66,66,66,65,65,65,64,64,64,64,63,63,63,63,62,62,62,62,61,61,61,61,61,62,62,64,66,68,70,72,73,75,76,77,79,80,81,81,82,83,83,83,83,83,82,82,81,80,80,79,78,77,76,76,75,74,73,72,71,71,70,70,70,70,70,71,72,73,74,77,80,83,85,88,90,92,94,96,97,99,100,101,102,102,102,102,101,101,100,99,98,97,96,95,94,94,93,93,92,92,91,91,90,90,90,89,89,89,88,88,88,88,88,87,87,87,87,87,87,87,87,86,86,86,86,86,86,86,86,86,86,86,86,86,87,87,87,87,88,88,88,89,89,90,90,91,91,92,93,93,94,95,95,96,97,98,99,100,100,101,102,103,104,105,106,108,109,110,111,112,114,115,117,118,120,122,124,127,130,133,136,139,143,146,150,153,156,159,162,165,167,170,172,173,175,175,176,176,175,174,174,173,172,172,171,170,169,169,168,167,167,166,165,164,164,163,162,162,161,160,160,159,158,157,157,156,155,155,154,153,153,152,151,151,150,149,149,148,147,147,146,145,145,144,143,143,142,142,141,140,140,139,138,138,137,136,136,135,135,134,133,133,132,131,131]

## Yunnan Td
18+7

## Yunnan Nsilique
plant1_seedNumber = [137,137,136,134,132,129,124,118,111,103,95,85,76,67,59,51,43,37,33,30,29,30,32,35,40,45,51,58,66,74,82,90,98,105,113,120,126,131,135,138,140,141,144,147,150,153,157,160,164,167,169,170,171,170,169,165,160,154,148,142,137,133,131,129,128,127,127,127,127,127,127,126,126,125,124,123,121,118,114,110,105,101,97,92,89,86,84,83,83,85,89,95,105,116,130,144,160,177,194,211,227,243,258,271,283,292,299,304,304,302,295,284,269,250,229,205,181,157,133,111,91,74,61,53,50,51,55,62,69,79,89,99,110,120,129,137,143,147,149,147,142,135,125,114,102,89,76,64,53,43,36,31,29,29,28,28,27,26,25,23,22,21,20,19,18,18,18,18,18,19,19,20,21,21,22,23,24,24,25,25,25,25,25,25,25,25,26,26,25,25,25,25,25,25,24,24,23,23,22,21,20,19,18,18,17,16,15,15,15,17,21,25,30,36,41,47,53,58,63,66,69,70,69,67,64,61,57,53,49,45,41,36,33,29,26,23,21,20,22,25,30,36,43,51,60,69,78,87,96,104,111,118,123,126,129,134,139,145,152,159,166,172,178,183,187,190,191,191,191,191,191,192,191,191,190,188,187,185,183,182,181,180,180,180,181,182,184,186,188,191,194,197,199,202,205,208,210,212,214,215,217,219,221,224,227,230,233,236,238,240,242,241,237,230,220,209,196,182,168,153,140,127,116,107,100,96,95,95,96,99,103,108,113,118,123,128,132,135,136,137,136,135,134,132,131,130,128,127,125,124,123,122,121,121,120,120,120,121,121,122,122,123,124,125,125]

## Yunnan Nseed
33

## Yunnan Pg
plant1_germRate = [0.79,0.79,0.79,0.79,0.79,0.79,0.79,0.79,0.79,0.79,0.79,0.79,0.79,0.79,0.79,0.79,0.79,0.79,0.79,0.79,0.79,0.79,0.79,0.79,0.79,0.79,0.79,0.79,0.79,0.79,0.79,0.79,0.79,0.79,0.79,0.79,0.79,0.79,0.79,0.79,0.79,0.79,0.79,0.79,0.79,0.79,0.79,0.79,0.79,0.79,0.79,0.79,0.79,0.79,0.79,0.79,0.79,0.79,0.79,0.79,0.79,0.79,0.79,0.79,0.79,0.79,0.79,0.79,0.79,0.79,0.79,0.79,0.79,0.79,0.79,0.79,0.79,0.79,0.79,0.79,0.79,0.79,0.79,0.79,0.79,0.79,0.79,0.79,0.79,0.79,0.79,0.79,0.79,0.79,0.79,0.79,0.79,0.79,0.79,0.79,0.79,0.79,0.79,0.79,0.79,0.81,0.81,0.81,0.81,0.81,0.81,0.81,0.81,0.81,0.81,0.81,0.81,0.81,0.81,0.81,0.81,0.81,0.81,0.81,0.81,0.81,0.81,0.81,0.81,0.81,0.81,0.81,0.81,0.81,0.81,0.81,0.81,0.81,0.81,0.81,0.81,0.81,0.81,0.81,0.81,0.81,0.81,0.81,0.81,0.81,0.81,0.81,0.81,0.81,0.81,0.81,0.81,0.81,0.81,0.81,0.81,0.46,0.46,0.46,0.46,0.46,0.46,0.46,0.46,0.46,0.46,0.46,0.46,0.46,0.46,0.46,0.46,0.46,0.46,0.46,0.46,0.46,0.46,0.46,0.46,0.46,0.46,0.46,0.46,0.46,0.46,0.46,0.46,0.46,0.46,0.46,0.46,0.46,0.46,0.46,0.46,0.46,0.46,0.46,0.46,0.46,0.46,0.46,0.46,0.46,0.46,0.46,0.46,0.46,0.46,0.46,0.46,0.46,0.46,0.46,0.46,0.46,0.46,0.46,0.46,0.46,0.46,0.46,0.46,0.46,0.46,0.46,0.46,0.46,0.46,0.46,0.46,0.46,0.46,0.46,0.46,0.46,0.46,0.46,0.46,0.46,0.46,0.46,0.46,0.46,0.46,0.46,0.46,0.46,0.46,0.81,0.81,0.81,0.81,0.81,0.81,0.81,0.81,0.81,0.81,0.81,0.81,0.81,0.81,0.81,0.81,0.81,0.81,0.81,0.81,0.81,0.81,0.81,0.81,0.81,0.81,0.81,0.81,0.81,0.81,0.81,0.81,0.81,0.81,0.81,0.81,0.81,0.81,0.81,0.81,0.81,0.81,0.81,0.81,0.81,0.81,0.81,0.81,0.81,0.81,0.81,0.81,0.81,0.81,0.81,0.81,0.81,0.81,0.81,0.81,0.81,0.81,0.81,0.81,0.81,0.81,0.81,0.81,0.81,0.81,0.81,0.81,0.79,0.79,0.79,0.79,0.79,0.79,0.79,0.79,0.79,0.79,0.79,0.79,0.79,0.79,0.79,0.79,0.79,0.79,0.79,0.79,0.79,0.79,0.79,0.79,0.79,0.79,0.79,0.79,0.79,0.79,0.79,0.79,0.79,0.79,0.79,0.79,0.79,0.79]


## Pudong Ts
plant2_g2s = [117,116,116,115,114,114,113,112,112,111,111,110,109,109,108,107,107,106,105,105,104,103,103,102,101,100,100,99,98,98,97,96,96,95,94,94,93,92,91,91,90,89,89,88,87,87,86,85,85,84,83,83,82,81,80,80,79,78,78,77,76,76,75,74,74,73,72,72,71,71,70,69,69,68,68,67,67,66,65,65,64,64,63,63,62,61,61,60,60,59,59,58,58,57,57,56,56,55,55,54,54,53,53,52,52,52,51,51,50,50,50,49,49,48,48,48,47,47,47,46,46,46,46,45,45,45,45,45,45,45,45,45,45,45,45,44,44,44,44,44,44,44,44,44,44,44,44,44,44,44,44,43,43,43,43,43,43,43,43,43,43,43,43,43,43,44,44,44,45,45,47,49,51,53,56,58,60,62,62,63,63,63,63,62,62,62,61,61,61,60,60,60,59,59,59,59,58,58,58,57,57,57,57,56,56,56,56,55,55,55,55,55,54,54,54,54,54,54,53,53,53,53,53,53,53,52,52,52,52,52,52,52,51,51,51,51,51,51,51,50,50,50,50,50,50,50,49,49,49,49,49,49,49,49,49,49,50,50,50,51,51,52,52,53,53,54,55,56,56,57,57,58,58,59,59,60,60,61,61,62,63,64,66,69,72,74,77,80,82,85,88,90,93,95,98,100,103,105,108,110,112,114,116,117,119,121,122,123,124,125,126,127,127,128,129,129,130,131,131,131,132,132,132,133,133,133,133,133,133,133,133,132,132,132,132,132,131,131,131,130,130,130,129,129,128,128,128,127,127,126,126,125,125,124,124,123,122,122,121,121,120,120,119,119,118]

## Pudong Te
plant2_g2e = [129,128,127,127,126,125,125,124,123,123,122,121,121,120,119,119,118,117,116,116,115,114,114,113,112,111,111,110,109,108,108,107,106,106,105,104,103,103,102,101,101,100,99,99,98,97,96,96,95,94,94,93,92,92,91,90,90,89,88,88,87,87,86,85,85,84,83,83,82,82,81,80,80,79,79,78,77,77,76,76,75,75,74,73,73,72,72,71,71,70,70,69,69,68,68,67,67,67,66,66,66,65,65,64,64,64,63,63,63,62,62,62,61,61,61,60,60,60,59,59,59,58,58,58,58,60,62,65,67,69,71,73,75,77,78,80,81,82,83,84,85,85,85,85,85,85,84,84,83,82,81,81,80,79,78,77,76,76,75,74,73,73,72,72,72,72,72,72,73,73,74,74,75,75,76,76,77,77,78,78,78,79,79,79,80,80,80,80,81,81,81,81,81,82,82,82,82,82,82,82,82,81,81,81,81,81,81,81,80,80,80,80,80,80,80,80,80,80,80,80,79,79,79,79,79,78,78,78,78,77,77,77,77,76,76,76,75,75,75,74,74,74,73,73,72,72,72,71,71,70,70,69,69,69,69,70,70,71,72,73,74,75,77,78,80,81,83,85,86,88,90,92,94,96,98,100,103,105,107,109,112,114,117,119,122,125,128,131,134,137,140,143,146,149,151,154,156,158,159,160,160,161,161,161,161,161,160,160,160,159,159,159,159,158,158,158,157,157,157,156,156,155,155,155,154,154,153,153,152,152,151,151,150,150,149,148,148,147,147,146,145,145,144,143,143,142,142,141,140,140,139,138,138,137,136,136,135,134,134,133,132,132,131,131,130]

## Pudong Td
19+7

## Pudong Nsilique
plant2_seedNumber = [128,128,127,126,125,122,119,114,109,103,96,89,83,76,69,63,58,53,50,47,45,44,42,42,41,41,42,43,44,46,48,51,54,57,61,65,70,75,80,85,91,100,112,128,145,164,184,204,222,239,253,263,269,269,264,252,234,213,191,171,153,141,133,125,119,114,110,107,104,102,100,99,98,98,98,98,98,99,102,104,108,112,116,120,125,129,134,138,142,145,149,153,157,161,166,171,176,181,186,191,195,199,202,205,208,209,210,210,209,207,204,199,193,186,177,168,158,148,138,128,118,109,101,94,89,84,81,78,75,74,72,71,70,70,70,70,70,70,70,70,68,67,64,61,58,55,52,49,46,43,41,40,40,39,39,37,35,33,31,28,26,24,22,20,18,18,17,17,17,17,17,17,17,17,17,17,17,16,16,16,16,17,18,20,22,24,27,30,33,35,38,40,41,42,42,41,41,40,39,38,37,36,35,34,33,33,32,31,31,32,34,37,39,43,46,49,52,55,58,59,60,61,60,58,56,53,50,47,44,40,37,34,30,27,25,23,21,20,20,20,21,23,25,27,30,32,36,39,42,45,47,50,52,54,56,60,65,70,76,82,87,92,96,98,100,99,96,90,81,70,61,55,55,63,77,96,117,140,162,182,198,209,216,222,228,232,236,239,241,242,244,244,245,245,245,245,244,244,244,244,244,244,245,245,245,246,246,246,246,247,247,246,244,240,234,228,221,214,207,199,192,186,180,175,172,169,166,162,159,155,151,148,144,141,138,135,133,131,129,128,128,127,126,125,124,122,121,120,119,118,117,116,115,115,115,115,115,115,115,116,116,117,118,118,119]

## Pudong Nseed
33

## Pudong Pg
plant2_germRate = [0.6,0.6,0.6,0.6,0.6,0.6,0.6,0.6,0.6,0.6,0.6,0.6,0.6,0.6,0.6,0.6,0.6,0.6,0.6,0.6,0.6,0.6,0.6,0.6,0.6,0.6,0.6,0.6,0.6,0.6,0.6,0.6,0.6,0.6,0.6,0.6,0.6,0.6,0.6,0.6,0.6,0.6,0.6,0.6,0.6,0.6,0.6,0.6,0.6,0.6,0.6,0.6,0.6,0.6,0.6,0.6,0.6,0.6,0.6,0.6,0.6,0.6,0.6,0.6,0.6,0.6,0.6,0.6,0.6,0.6,0.6,0.6,0.6,0.6,0.6,0.6,0.6,0.6,0.6,0.6,0.6,0.6,0.6,0.6,0.6,0.6,0.6,0.6,0.6,0.6,0.6,0.6,0.6,0.6,0.6,0.6,0.6,0.6,0.6,0.6,0.6,0.6,0.6,0.6,0.6,0.93,0.93,0.93,0.93,0.93,0.93,0.93,0.93,0.93,0.93,0.93,0.93,0.93,0.93,0.93,0.93,0.93,0.93,0.93,0.93,0.93,0.93,0.93,0.93,0.93,0.93,0.93,0.93,0.93,0.93,0.93,0.93,0.93,0.93,0.93,0.93,0.93,0.93,0.93,0.93,0.93,0.93,0.93,0.93,0.93,0.93,0.93,0.93,0.93,0.93,0.93,0.93,0.93,0.93,0.93,0.93,0.25,0.25,0.25,0.25,0.25,0.25,0.25,0.25,0.25,0.25,0.25,0.25,0.25,0.25,0.25,0.25,0.25,0.25,0.25,0.25,0.25,0.25,0.25,0.25,0.25,0.25,0.25,0.25,0.25,0.25,0.25,0.25,0.25,0.25,0.25,0.25,0.25,0.25,0.25,0.25,0.25,0.25,0.25,0.25,0.25,0.25,0.25,0.25,0.25,0.25,0.25,0.25,0.25,0.25,0.25,0.25,0.25,0.25,0.25,0.25,0.25,0.25,0.25,0.25,0.25,0.25,0.25,0.25,0.25,0.25,0.25,0.25,0.25,0.25,0.25,0.25,0.25,0.25,0.25,0.25,0.25,0.25,0.25,0.25,0.25,0.25,0.25,0.25,0.25,0.25,0.25,0.25,0.25,0.25,0.93,0.93,0.93,0.93,0.93,0.93,0.93,0.93,0.93,0.93,0.93,0.93,0.93,0.93,0.93,0.93,0.93,0.93,0.93,0.93,0.93,0.93,0.93,0.93,0.93,0.93,0.93,0.93,0.93,0.93,0.93,0.93,0.93,0.93,0.93,0.93,0.93,0.93,0.93,0.93,0.93,0.93,0.93,0.93,0.93,0.93,0.93,0.93,0.93,0.93,0.93,0.93,0.93,0.93,0.93,0.93,0.93,0.93,0.93,0.93,0.93,0.93,0.93,0.93,0.93,0.93,0.93,0.93,0.93,0.93,0.93,0.93,0.6,0.6,0.6,0.6,0.6,0.6,0.6,0.6,0.6,0.6,0.6,0.6,0.6,0.6,0.6,0.6,0.6,0.6,0.6,0.6,0.6,0.6,0.6,0.6,0.6,0.6,0.6,0.6,0.6,0.6,0.6,0.6,0.6,0.6,0.6,0.6,0.6,0.6]
